[[0.735745   0.77247143 0.69425801 0.70372761 0.75494207 0.37025743
  0.73520652]
 [0.36550612 0.42072466 0.52452552 0.40934343 0.4152109  0.30426661
  0.39616639]
 [0.20622005 0.24858681 0.50553318 0.23211176 0.26779679 0.40566646
  0.26520559]][[[ 1.62974434e-02  1.51968190e-02  2.75798693e-03  1.59503270e-02
    1.29535971e-02 -2.61052827e-04  1.23964885e-02]
  [ 1.51968190e-02  1.49388027e-02 -1.10433279e-03  1.67329539e-02
    1.05793611e-02  3.12392858e-05  1.31770933e-02]
  [ 2.75798693e-03 -1.10433279e-03  1.82522381e-02 -6.20671317e-03
    9.38783489e-03 -2.09872106e-03 -5.66511317e-03]
  [ 1.59503270e-02  1.67329539e-02 -6.20671317e-03  2.24654510e-02
    8.68912568e-03 -7.55730328e-04  1.81496222e-02]
  [ 1.29535971e-02  1.05793611e-02  9.38783489e-03  8.68912568e-03
    1.40382610e-02  4.16350094e-04  5.97919232e-03]
  [-2.61052827e-04  3.12392858e-05 -2.09872106e-03 -7.55730328e-04
    4.16350094e-04  2.35651284e-02 -7.34676281e-04]
  [ 1.23964885e-02  1.31770933e-02 -5.66511317e-03  1.81496222e-02
    5.97919232e-03 -7.34676281e-04  1.69118971e-02]]

 [[ 2.94556948e-02  2.53358229e-02  4.53853993e-02  1.58963871e-02
    3.61933004e-02 -3.05552742e-02  5.32109455e-03]
  [ 2.53358229e-02  2.23496319e-02  3.62920387e-02  1.46394964e-02
    2.99658543e-02 -2.59339600e-02  6.39769064e-03]
  [ 4.53853993e-02  3.62920387e-02  8.43035198e-02  1.94478880e-02
    6.18034497e-02 -4.85880313e-02 -1.33604186e-03]
  [ 1.58963871e-02  1.46394964e-02  1.94478880e-02  1.15958463e-02
    1.73386033e-02 -1.31654050e-02  7.81956620e-03]
  [ 3.61933004e-02  2.99658543e-02  6.18034497e-02  1.73386033e-02
    4.72620207e-02 -3.82141320e-02  2.25966261e-03]
  [-3.05552742e-02 -2.59339600e-02 -4.85880313e-02 -1.31654050e-02
   -3.82141320e-02  4.71269345e-02  2.10340364e-03]
  [ 5.32109455e-03  6.39769064e-03 -1.33604186e-03  7.81956620e-03
    2.25966261e-03  2.10340364e-03  1.20856266e-02]]

 [[ 1.44906548e-02  1.40906521e-02  1.53017868e-02  1.07323048e-02
    1.68737329e-02 -9.17279569e-03  1.17422065e-03]
  [ 1.40906521e-02  1.44438859e-02  1.07159345e-02  1.21673362e-02
    1.50643886e-02 -8.61156057e-03  2.94782981e-03]
  [ 1.53017868e-02  1.07159345e-02  4.00069477e-02  1.60474411e-03
    2.55226027e-02 -1.16838305e-02 -8.90982975e-03]
  [ 1.07323048e-02  1.21673362e-02  1.60474411e-03  1.28212617e-02
    9.07066338e-03 -5.57971748e-03  5.76779792e-03]
  [ 1.68737329e-02  1.50643886e-02  2.55226027e-02  9.07066338e-03
    2.28494675e-02 -1.06706421e-02 -2.35365014e-03]
  [-9.17279569e-03 -8.61156057e-03 -1.16838305e-02 -5.57971748e-03
   -1.06706421e-02  4.28938608e-02  4.53255976e-03]
  [ 1.17422065e-03  2.94782981e-03 -8.90982975e-03  5.76779792e-03
   -2.35365014e-03  4.53255976e-03  9.54436930e-03]]][0.33352659 0.12054896 0.54592446]